Image path: /home/wmh/work/seqbuff/output/
In 45 images, find 45 available.
Cam Matrix:  [[ 842.61160476    0.          283.58088906]
 [   0.          830.86958879  136.74709119]
 [   0.            0.            1.        ]]
fx = 842.611604761
fy = 830.869588785
cx = 283.580889059
cy = 136.747091186
Distortion Factor:  [[ -1.18510683e+00   6.10955515e+00  -1.67583296e-02  -2.99120206e-02
   -1.73322005e+01]]
k1 = [-1.18510683]
k2 = [ 6.10955515]
p1 = [-0.01675833]
p2 = [-0.02991202]
k3 = [-17.33220049]

Process finished with exit code 0


Image path: /home/wmh/work/seqbuff/output/
In 27 images, find 27 available.
Cam Matrix:  [[ 842.71442114    0.          282.67817715]
 [   0.          830.71831992  137.84392523]
 [   0.            0.            1.        ]]
fx = 842.714421141
fy = 830.71831992
cx = 282.678177149
cy = 137.843925233
Distortion Factor:  [[ -1.12343516   5.66045326  -0.01633548  -0.02629028 -15.81461175]]
k1 = [-1.12343516]
k2 = [ 5.66045326]
p1 = [-0.01633548]
p2 = [-0.02629028]
k3 = [-15.81461175]

Process finished with exit code 0


Image path: /home/wmh/work/seqbuff/output/1/
In 18 images, find 18 available.
Cam Matrix:  [[ 842.11982497    0.          285.88184469]
 [   0.          830.96163295  135.56794818]
 [   0.            0.            1.        ]]
fx = 842.11982497
fy = 830.961632952
cx = 285.881844692
cy = 135.567948176
Distortion Factor:  [[ -1.27904175e+00   6.66315282e+00  -1.75245514e-02  -3.65111881e-02
   -1.89365180e+01]]
k1 = [-1.27904175]
k2 = [ 6.66315282]
p1 = [-0.01752455]
p2 = [-0.03651119]
k3 = [-18.93651798]

Process finished with exit code 0
